# pan11
character-level
plan A/B/C
统计
[(1, 98537), (2, 98389), (3, 104750), (4, 108823), (5, 51197), (6, 37674), (7, 31548), (8, 25105), (9, 16541), (10, 10142), (11, 5589), (12, 3247), (13, 1397), (14, 854), (15, 375), (16, 153), (17, 80), (18, 105), (19, 244), (20, 1389), (21, 1134), (22, 25), (23, 25), (24, 29), (25, 22), (26, 17), (27, 8), (28, 13), (29, 24), (30, 10), (31, 14), (32, 13), (33, 12), (34, 6), (35, 9), (36, 24), (37, 12), (38, 8), (39, 8), (40, 4), (41, 14), (42, 8), (43, 6), (44, 2), (45, 6), (46, 3), (47, 1), (48, 5), (49, 9), (50, 4), (51, 4), (52, 7), (53, 2), (54, 4), (55, 8), (56, 1), (57, 1), (59, 3), (61, 3), (62, 6), (63, 7), (65, 10), (66, 2), (67, 1), (68, 2), (70, 1), (71, 1), (72, 7), (73, 6), (74, 6), (75, 8), (76, 3), (77, 2), (78, 3), (80, 2), (81, 1), (82, 1), (83, 3), (86, 1), (88, 1), (89, 1), (97, 1), (106, 1), (129, 1)]
[(1, 3), (2, 7), (3, 92), (4, 88), (5, 154), (6, 175), (7, 181), (8, 171), (9, 188), (10, 166), (11, 197), (12, 125), (13, 132), (14, 145), (15, 134), (16, 137), (17, 121), (18, 115), (19, 125), (20, 133), (21, 157), (22, 159), (23, 173), (24, 180), (25, 175), (26, 182), (27, 183), (28, 178), (29, 151), (30, 162), (31, 158), (32, 135), (33, 130), (34, 114), (35, 148), (36, 108), (37, 108), (38, 103), (39, 102), (40, 91), (41, 94), (42, 91), (43, 105), (44, 75), (45, 89), (46, 89), (47, 77), (48, 72), (49, 71), (50, 73), (51, 77), (52, 60), (53, 67), (54, 56), (55, 51), (56, 57), (57, 66), (58, 74), (59, 54), (60, 49), (61, 55), (62, 52), (63, 42), (64, 53), (65, 45), (66, 36), (67, 38), (68, 51), (69, 51), (70, 30), (71, 45), (72, 34), (73, 42), (74, 35), (75, 30), (76, 33), (77, 28), (78, 30), (79, 31), (80, 24), (81, 25), (82, 28), (83, 22), (84, 30), (85, 22), (86, 32), (87, 26), (88, 30), (89, 29), (90, 32), (91, 24), (92, 19), (93, 10), (94, 14), (95, 24), (96, 27), (97, 20), (98, 23), (99, 18), (100, 25), (101, 19), (102, 27), (103, 19), (104, 15), (105, 15), (106, 25), (107, 17), (108, 16), (109, 21), (110, 13), (111, 10), (112, 17), (113, 11), (114, 19), (115, 12), (116, 9), (117, 10), (118, 17), (119, 12), (120, 15), (121, 9), (122, 5), (123, 10), (124, 5), (125, 9), (126, 15), (127, 7), (128, 11), (129, 13), (130, 8), (131, 10), (132, 14), (133, 10), (134, 11), (135, 8), (136, 7), (137, 2), (138, 7), (139, 8), (140, 10), (141, 9), (142, 3), (143, 9), (144, 6), (145, 8), (146, 5), (147, 7), (148, 6), (149, 3), (150, 7), (151, 1), (152, 6), (153, 12), (154, 5), (155, 1), (156, 3), (157, 5), (158, 2), (159, 7), (160, 1), (161, 3), (162, 3), (163, 7), (164, 3), (165, 1), (166, 5), (167, 5), (168, 3), (169, 2), (170, 4), (171, 6), (172, 4), (173, 5), (174, 8), (175, 2), (176, 5), (177, 8), (178, 4), (179, 6), (180, 4), (181, 2), (182, 6), (183, 2), (184, 4), (185, 3), (186, 3), (188, 3), (189, 4), (190, 5), (191, 3), (192, 4), (193, 6), (194, 3), (195, 8), (196, 3), (197, 1), (198, 1), (199, 2), (200, 3), (201, 3), (202, 3), (203, 3), (205, 3), (206, 5), (207, 5), (208, 2), (209, 4), (210, 3), (211, 1), (212, 2), (213, 1), (214, 1), (215, 1), (216, 3), (217, 4), (219, 5), (220, 1), (221, 3), (222, 3), (223, 2), (224, 3), (225, 1), (226, 5), (227, 1), (228, 3), (230, 1), (231, 1), (233, 3), (234, 1), (236, 2), (237, 3), (238, 2), (239, 2), (241, 1), (242, 2), (243, 5), (244, 2), (245, 2), (246, 2), (247, 2), (248, 1), (249, 3), (250, 1), (252, 2), (253, 4), (254, 1), (255, 2), (256, 1), (258, 2), (259, 1), (260, 1), (261, 2), (262, 2), (263, 3), (264, 1), (266, 2), (269, 3), (271, 2), (272, 3), (273, 3), (275, 1), (276, 1), (277, 3), (278, 3), (279, 1), (280, 1), (281, 2), (283, 2), (284, 3), (285, 1), (286, 1), (287, 5), (288, 2), (289, 2), (292, 2), (293, 2), (294, 1), (296, 2), (297, 2), (299, 1), (300, 1), (301, 1), (303, 2), (304, 1), (308, 1), (309, 1), (310, 2), (311, 2), (312, 2), (313, 1), (314, 1), (315, 1), (316, 3), (317, 1), (319, 1), (320, 2), (323, 1), (324, 1), (325, 2), (326, 1), (327, 2), (329, 2), (330, 1), (332, 2), (334, 2), (335, 1), (336, 1), (337, 1), (340, 1), (343, 1), (344, 4), (345, 1), (347, 1), (348, 1), (351, 1), (352, 1), (354, 1), (355, 1), (356, 2), (357, 3), (359, 1), (360, 1), (361, 1), (362, 1), (368, 3), (369, 1), (371, 2), (373, 1), (377, 1), (378, 3), (380, 1), (383, 1), (385, 2), (390, 1), (391, 1), (394, 1), (396, 1), (398, 1), (400, 1), (407, 1), (409, 1), (412, 1), (415, 2), (416, 1), (417, 1), (419, 1), (420, 2), (421, 1), (422, 1), (426, 2), (428, 1), (430, 1), (439, 1), (441, 2), (448, 1), (451, 1), (461, 2), (463, 1), (467, 1), (468, 1), (469, 1), (481, 1), (482, 3), (483, 1), (487, 1), (494, 1), (497, 1), (512, 1), (513, 1), (514, 1), (515, 1), (520, 1), (521, 4), (523, 1), (526, 1), (527, 2), (530, 1), (532, 1), (545, 1), (557, 1), (559, 2), (562, 1), (564, 1), (571, 1), (573, 1), (580, 1), (586, 1), (594, 1), (598, 1), (601, 1), (607, 1), (615, 1), (616, 1), (621, 1), (625, 1), (631, 1), (632, 1), (652, 1), (660, 1), (661, 2), (663, 1), (700, 1), (706, 1), (717, 1), (718, 1), (734, 1), (742, 1), (746, 1), (752, 1), (756, 1), (757, 2), (766, 1), (768, 1), (792, 1), (796, 1), (801, 1), (811, 1), (812, 1), (833, 1), (882, 1), (884, 1), (893, 1), (903, 1), (971, 1), (983, 1), (1041, 1), (1067, 1), (1157, 1), (1165, 1), (1264, 1), (1278, 1), (1342, 1), (1378, 1), (1425, 1), (1460, 1), (1551, 1), (2047, 1), (2160, 1), (2219, 1), (2399, 1), (2415, 1), (25664, 1), (30236, 1)]

author dict 72 0-71
char dict(1-gram) 96 1-96            我们应该用67的 因为/n什么的不算啊
2-grams dict 4749 1-4749
character dict 67 + 1

- 2-grams   CNN
- 1-gram    LSTM
- character Hierarchical LSTM

char_back
    max_char = random.choice(5-10),
    max_word = 150,

双层LSTM 是没有空格的 有可能大致效果很差
lr = 0.08的时候LSTM 根本不收敛
run_word 0.003
shape=[None, 150, 10, 97])  # max char 10    max word 200

test  python3 eval.py --n=1 --checkpoint_dir=./2/1525940731/checkpoints/

dev2018-05-10T17:04:36.639034: step 1700, loss 1.96971, acc 0.53125  acc
python3 train.py --difficulty=2 --learning_rate=0.003 --n=1 --word_dropout_keep=1.0 --dropout_keep_prob=0.2
